global P xhat
xhat = [1.25; 0.81; 1.35];
     P = diag([0.02 0.02 0]);